timestamps:
  login: 1338431012108
  logout: 1338083727643
  lastteleport: 1338433386664
ipAddress: 24.1.220.249
lastlocation:
  world: surv
  x: 159.446700152116
  y: 66.3999924659729
  z: -93.22885901548986
  yaw: 3.9213867
  pitch: 38.550026
afk: false
godmode: true
