timestamps:
  login: 1338171489573
  lastteleport: 1338174557252
ipAddress: 10.1.10.1
geolocation: N/A
lastlocation:
  world: surv
  x: 109.49048704369027
  y: 41.0
  z: 216.1884112333825
  yaw: -358.63965
  pitch: 35.09999
