timestamps:
  login: 1338174092753
  logout: 1338174342291
  lastteleport: 1338173154001
ipAddress: 10.1.10.1
geolocation: N/A
nickname: emmet
lastlocation:
  world: surv
  x: 33.54171749558171
  y: 40.0
  z: -2.180539114966391
  yaw: 123.750015
  pitch: 17.850006
