timestamps:
  login: 1338171648399
  logout: 1338172287341
  lastteleport: 1338171997545
ipAddress: 10.1.10.1
geolocation: N/A
lastlocation:
  world: surv
  x: 34.50411630855887
  y: 40.0
  z: 5.702952031467525
  yaw: -176.10162
  pitch: 32.849937
