timestamps:
  login: 1338171485799
  lastteleport: 1338171938196
  logout: 1338175152291
ipAddress: 10.1.10.1
geolocation: N/A
lastlocation:
  world: surv
  x: 40.96595517555087
  y: 40.0
  z: 4.592435396688286
  yaw: -55.791138
  pitch: 1.6575944
nickname: Tori
