timestamps:
  login: 1338171509549
  lastteleport: 1338172145546
  logout: 1338173727291
ipAddress: 10.1.10.1
geolocation: N/A
lastlocation:
  world: surv
  x: 35.1966233617107
  y: 40.4375
  z: -4.5254802713464075
  yaw: 317.77405
  pitch: 54.84162
