timestamps:
  login: 1339216707368
  logout: 1339216767408
  lastteleport: 1338171997845
ipAddress: 71.206.103.95
lastlocation:
  world: surv
  x: 35.849118756285414
  y: 40.0
  z: 3.477224024054698
  yaw: 59.849396
  pitch: 27.149967
geolocation: United States
