timestamps:
  login: 1339462445863
  logout: 1339464379880
  lastteleport: 1339460825538
ipAddress: 98.250.3.23
afk: false
lastlocation:
  world: world
  x: 326.30000001192093
  y: 50.0
  z: 242.69010701675106
  yaw: -202.14612
  pitch: -89.34064
godmode: false
