jails: 
  main: 
    world: world
    x: 197.4296923566222
    y: 73.0
    z: 271.63899524680784
    yaw: -277.40213
    pitch: 10.2169695
