spawns: 
  default: 
    world: world
    x: 246.28701844690713
    y: 69.0
    z: 113.9621871960015
    yaw: -306.91187
    pitch: 24.817228
