world: world
x: -329.1311864496101
y: 113.5
z: 6.009537514370763
yaw: 171.40646
pitch: 37.46905
name: abr
