world: world
x: 234.72607504616352
y: 70.0
z: 346.68815073706645
yaw: -85.33779
pitch: 21.991419
name: abrhome
