world: world
x: -176.46548252143552
y: 65.0
z: -411.5676496912458
yaw: -126.5918
pitch: 9.41926
name: abrout
