world: world
x: -139.20693617722512
y: 73.200000166893
z: -479.80399516449296
yaw: -342.90686
pitch: 26.185932
name: away
