yaw: -265.47333
name: base
pitch: 18.41193
z: 239.15499914050548
y: 72.0
world: world
x: 207.6386061182125
