world: surv
x: 9.591317605803548
y: 20.399999976158142
z: 9.24712955308551
yaw: -306.73523
pitch: 57.408554
name: here
