world: surv
x: 38.9839622013977
y: 35.0
z: 2.0080270565416805
yaw: -260.94363
pitch: 16.716448
name: home
