world: world_nether
x: 27.238794916413596
y: 49.00000011920929
z: 12.51161616846103
yaw: -67.1167
pitch: 48.83689
name: nther
