world: world
x: 197.9847171766004
y: 73.0
z: 266.5963892725184
yaw: -49.78589
pitch: 24.72918
name: outofjail
