world: world
x: 221.4765963444593
y: 72.5
z: 186.12170016712
yaw: -50.526123
pitch: 24.440449
name: portal
