world: world
x: 246.81326286175775
y: 69.0
z: 114.40985336407647
yaw: -358.43268
pitch: 24.911339
name: spawn
